,0,1,2,3,4,5,6,7,8,9,10,11,12,13,14,15,16,17,18,19,20,21,22,23,24,25,26,27,28,29,30,31,32,33,34,35,36,37,38,39,40,41,42,43,44,45,46,47,48,49,50,51,52,53,54,55,56,57,58,59,60,61,62,63,64,65,66,67,68,69,70,71,72,73,74,75,76,77,78,79,80,81,82,83,84,85,86,87,88,89,90,91,92,93,94,95,96,97,98,99
0,0.0,0.00363499614506758,0.004603784893728213,0.013027514509211514,0.004647038382159112,0.01461898930459546,0.011954786282409594,0.013903854414162562,0.005417426041827313,0.014697418914707229,0.004924042069486121,0.005429406011822579,0.01264760302856506,0.009494150918713062,0.008988406992640892,0.006326532670557659,0.01962480562929647,0.021540267421087392,0.01128869715979166,0.015867481960881544,0.003972933844695316,0.011157110085760154,0.007859895938059878,0.0034198876936301814,0.00398410377968692,0.01933072218161496,0.0077175582823167475,0.003905851977486498,0.019105410669468987,0.0026845952449363066,0.009365601057935982,0.011843667983363735,0.004275328919370539,0.019365284244452177,0.006766879152041457,0.0040175381190163785,0.0009964525890425499,0.011834026287770682,0.01944570230380988,0.0061216566599975345,0.001705867550930272,0.01873946579802266,0.004021073281248452,0.02746072590665673,0.007220875047410787,0.007863144855713756,0.0024439074519865254,0.013169333631604004,0.0029395349392182775,0.004459757691317066,0.013782786157516056,0.015013538872347038,0.018350767612246625,0.020467070210625875,0.0024411927452483804,0.009128875598205728,0.01589733722451405,0.004388155992390231,0.001620573621065968,0.013680221526317284,0.01058710554755751,0.006846694977307025,0.008673899298586491,0.014992033465545887,0.0020090915816580964,0.007293910289885916,0.012285153394893961,0.004996615379566614,0.006822373198696135,0.007618900027654216,0.0027847528308576042,0.003512895485539827,0.011007267789124786,0.016247629813816333,0.012810742669376745,0.004182404370762723,0.034036199164173275,0.02374532605131862,0.013355596536484526,0.008374299762493393,0.004331797181348207,0.017862603963791766,0.019664586308474945,0.006792950245831161,0.012296844803188864,0.002328371620740573,0.005450691570244542,0.0057526655911668565,0.0012630003818097817,0.0067118222095391405,0.009790241998008027,0.01426162599440079,0.003347086104235474,0.00307975410131877,0.011948076270329882,0.008720390754390095,0.003569449832290735,0.01986416734554432,0.005186971336816619,0.00551406481429867
1,0.00363499614506758,0.0,0.0035265801922761963,0.01305536858679737,0.008210755850301732,0.015093922868372361,0.012127288891665899,0.014341509852409198,0.005272455614530445,0.015035034274491075,0.006076597011526612,0.005273202073303124,0.012530449703276821,0.013019191133346264,0.00920504667332677,0.008372228110390954,0.01957756745564413,0.02173514564316064,0.01130906316618062,0.016037643087740704,0.0029811954171317565,0.011186269358333228,0.00890905366954443,0.003188836230787514,0.0033789950527369937,0.019250579303025612,0.007599402342775447,0.007132458609794618,0.019018230746525488,0.0032087189762165496,0.009473880873186447,0.011710461023567957,0.00576866390378051,0.019331279303862955,0.007404340575680577,0.007610161702357844,0.003496854074139747,0.01183578941721618,0.019409893689481483,0.007655664583854027,0.005045330764825048,0.018618906308867093,0.0038294775492234232,0.027434355979482825,0.008149254004919223,0.007748806831143355,0.003962714214061013,0.013186563632344987,0.0034279942531174473,0.007981745317705591,0.014015178369084719,0.01520736446563635,0.01827533025326625,0.020370285970855478,0.0032368744602514683,0.010537117613906948,0.01605154619612288,0.004177530483424903,0.004285520908572444,0.013570837649630246,0.010389210388638964,0.006938870448772074,0.008873978135661332,0.01543212555892042,0.00249455492445951,0.01051136623653175,0.012418068969146033,0.005970299661676797,0.007060793919148739,0.007469631926321519,0.005953312821201734,0.004362490782288814,0.010938101094931983,0.016326325157022464,0.01314880966853806,0.004141171045086507,0.033939346889683315,0.02382284433640791,0.013405926481297662,0.008299298375619324,0.007114476312263903,0.01809303521653557,0.019558943019032955,0.0072672303399359435,0.012489611161469271,0.00587373687286554,0.005445841505402596,0.008250059776753015,0.0027794843269014703,0.004573180146099221,0.009614499797252941,0.01436038840176412,0.0043021113141429555,0.005848381163451818,0.012443558411775673,0.008858174180762844,0.004164767430099252,0.019981393399739356,0.005546931565316841,0.006995275066141723
2,0.004603784893728213,0.0035265801922761963,0.0,0.0096048845747228,0.008866835080458855,0.011678639914609601,0.008666250699970178,0.01094500793555022,0.008661478943467794,0.011580972821790443,0.004144489637705583,0.002144789683784178,0.009217708169520415,0.013467613486699575,0.01233187311423509,0.009593938616320477,0.016190678280312624,0.018273045452910926,0.007864018453595755,0.019244643049112935,0.0015573571575483657,0.007717323012498248,0.006591021949857868,0.005966732791679174,0.006811236705959254,0.015900461967281024,0.004303353154596404,0.007217179992142093,0.015672761821708937,0.0022856190709970962,0.012780657340802281,0.008419853202466828,0.004464035799958276,0.01592498334799048,0.004498888225258207,0.00850093467247563,0.004478867011544675,0.008389393381893621,0.016020982875550562,0.006643724994625014,0.006148533400866122,0.015308735037941452,0.0036960045300341617,0.024066729437467776,0.005683150160605662,0.0044448874781144185,0.004331506458126634,0.00972952744251919,0.006313432867138908,0.008916122510957762,0.017067840569510176,0.01838913114784109,0.014915705502702678,0.01704141167653473,0.004425168137534688,0.008949420821861637,0.01930544451201302,0.0060521008189980486,0.004836240119305631,0.010243454216276758,0.00731758311370126,0.003469575429782779,0.0054084518612009256,0.012100514959662897,0.00468030151053614,0.01056291684529982,0.008933576486301867,0.004604783197301121,0.01007653039462274,0.004514419275329939,0.007153064563175336,0.006927137659148906,0.007562765740437599,0.012854121117171517,0.009729676982912322,0.00466166251494538,0.030665320010649318,0.02037544848769847,0.009948829634106843,0.0049348540938476335,0.007505872322710096,0.014639149100343803,0.01623139649895164,0.010116810119411861,0.0156878104960175,0.006646070798409858,0.008819714303284569,0.008357595768057774,0.004557419104307652,0.004736369102465287,0.006437387038375057,0.0108902071132777,0.006279232594833426,0.006231143183369511,0.00910544746211224,0.012147228639221791,0.003838899238612624,0.016513744640286078,0.004906568612945938,0.006376958721979025
3,0.013027514509211514,0.01305536858679737,0.0096048845747228,0.0,0.016368481428673726,0.0028119713858776245,0.005851634270399545,0.0029190888886870257,0.01820942066449122,0.005576315185418473,0.009066289948527343,0.008153914943082369,0.009648750209076124,0.015597024681068605,0.021747967989191545,0.01898376060274671,0.006652173341084422,0.008833731231841458,0.007911883468893094,0.028669522206827662,0.01081397430578516,0.0019375787475549302,0.006518487260708308,0.0154276426175194,0.016357722804702997,0.010086450000007872,0.005936278999387841,0.01499643166630876,0.009831780811206206,0.010901082664267,0.022270862565930576,0.00878315055179612,0.009870170094329294,0.0064128064087403585,0.006790122540972099,0.012688223607627926,0.013939783762546228,0.0040115330601724454,0.01052778746220477,0.007780327688422732,0.01351162000090139,0.008437830866698902,0.009276371616289745,0.015071364556743549,0.0067560566280602165,0.00671497765942425,0.01362259820442414,0.0018410359365561857,0.0158192528226152,0.010442051395912475,0.026426310822620157,0.027811676488809094,0.007042955150856077,0.011379480509232013,0.011370879252345492,0.00520036877666389,0.028783991262536727,0.015117410403873459,0.01178768076330415,0.007829435277089153,0.00566701249373753,0.006317385889055347,0.004785896912354432,0.005093052284534317,0.014169332018534611,0.011911111384522544,0.006126210780403351,0.008403973780310697,0.01950046868493946,0.005890303786313984,0.015330407830206992,0.016423714437293277,0.0030071331435981997,0.003329393935638931,0.0021576747108589577,0.009052391147674655,0.021229447713104147,0.010841849679252096,0.002758329122886863,0.004987928471118315,0.009474683070100168,0.005291227684231431,0.006787271943282041,0.019542428997535187,0.025129020532899463,0.014110922144494543,0.01837175972768131,0.008245201869119083,0.014091451131108443,0.012994962660825695,0.00516975896645869,0.0029818232433437026,0.01566105844649958,0.01074070602251952,0.0036794709651554293,0.02165479580914565,0.009521963510345451,0.0070063300320750985,0.013274956704746706,0.008003321278706744
4,0.004647038382159112,0.008210755850301732,0.008866835080458855,0.016368481428673726,0.0,0.017397540435179958,0.014991328645810521,0.016620864116195636,0.0075997536741606395,0.017507499097500812,0.0074909885623172,0.009814224918893704,0.016138154486835123,0.004958006509057257,0.005602814219549077,0.0027527361948261387,0.02288744264561564,0.0244024340508101,0.014534730879625228,0.01259754038611935,0.007935954148900021,0.014591707474468621,0.010239526832033575,0.0067352690603539565,0.007086442683623502,0.022694938176658987,0.011301380979334526,0.0026164793648770866,0.022482306158932264,0.006650540718759722,0.00700279866771064,0.015367655981124467,0.006640159946498284,0.022662828302398148,0.009710879124069293,0.004263871012690999,0.004793369632494125,0.015224477882099107,0.02271306771950769,0.008651572692168697,0.003938879356500459,0.022199584473597316,0.007831615552754804,0.03062148580963615,0.009867733973932627,0.01144269037235655,0.00483295136234808,0.016487031318387763,0.004919210051333133,0.006477760563779561,0.010135270889721798,0.011662754136686057,0.02174300921096781,0.02383247095920143,0.006323074922024121,0.011397404716330864,0.012864204844445979,0.00532435374750038,0.0048101518838658906,0.017152194123143068,0.014310955609029534,0.010299306612411551,0.011861570403245338,0.017978866967278108,0.005803758357260915,0.005321484479503108,0.015421383867360538,0.008001838696830202,0.004348375809190955,0.011348279177952291,0.003943000451645673,0.004181458084807424,0.014506989389786088,0.019432805861651106,0.015869590262999105,0.008004781342764238,0.03736642478652866,0.02677949231764416,0.016573602010643652,0.011915764732085816,0.007011571836692498,0.02069761545594344,0.02310198829989501,0.0035723772316495995,0.00902710242681384,0.002532680605738482,0.005889424017247791,0.008196613440158828,0.00548441558511807,0.009662957315419942,0.013449125464420444,0.017409437940827534,0.004014545557675621,0.005757332626862141,0.01465247549335549,0.006300773965520746,0.007094669777645999,0.022862295535935835,0.006628818174402562,0.008418615361370806
5,0.01461898930459546,0.015093922868372361,0.011678639914609601,0.0028119713858776245,0.017397540435179958,0.0,0.004794130677007779,0.0009129366935471375,0.019958422311057145,0.003566370413743698,0.010005033919436532,0.010760943931362899,0.009941461078588038,0.016303538208597434,0.022889715156000617,0.020069101044431603,0.005926403592322784,0.007089973675212796,0.00759149231583736,0.029806491011305856,0.012350541042438878,0.004330094782602814,0.0072672418352011416,0.01678357257490939,0.01824520934427613,0.009628514491598239,0.008683335197799954,0.01570823741581176,0.009425467026884715,0.012397617072881477,0.02369390150885383,0.00942664873868536,0.010840754593011788,0.005812897043980037,0.007948186310644772,0.014043755747025956,0.015524219246554465,0.005265074899963381,0.009809437043447956,0.008909968545897283,0.01519156954656451,0.008341691533338606,0.011400388447192735,0.014181000041904378,0.007627886564666464,0.0092004217091399,0.014771177872678242,0.003283434247148787,0.017279789793304197,0.012003841983620025,0.02736964460497814,0.028927746561433692,0.006805181250616311,0.010906665904888485,0.013382673144539434,0.006098833275633251,0.030013826575250972,0.015964647771380854,0.013243074232976954,0.008147304393378666,0.008032840378037174,0.008574674830510949,0.006380109913803985,0.005929418567332651,0.015613362807456106,0.012591539752741052,0.0053710560879165125,0.009781910447283333,0.020666124666876014,0.008371766103253447,0.017066277148558996,0.017868298692187912,0.005581911576344077,0.0027280789828403973,0.0031599587726967144,0.01099410775635155,0.020430823826525654,0.009511747933078131,0.003241193760866086,0.007676076169832089,0.010808295743575764,0.003391668836064115,0.0065722953689950105,0.020701181919440714,0.02628627543534679,0.015424832877790704,0.019993120617293976,0.00949586364007535,0.015631510763314524,0.01368476995587083,0.007725230719424197,0.002573035003663711,0.01683548580777296,0.012098240807632929,0.0028523607711551774,0.023031046275141194,0.011250869195873741,0.005595401130006341,0.013560389900394447,0.009305639057099689
6,0.011954786282409594,0.012127288891665899,0.008666250699970178,0.005851634270399545,0.014991328645810521,0.004794130677007779,0.0,0.004513972647133047,0.017203812374559438,0.0031663962210698705,0.007568693727343214,0.007359325587470806,0.005212431614658642,0.014406336503672701,0.020448317883536897,0.01764967454718263,0.008040720978544436,0.009678191793799298,0.00287810761690397,0.02737044827473364,0.009654740387245363,0.006452023744854983,0.006265830346411663,0.014236578285682687,0.015416902347877712,0.007938047510976631,0.005099515030448475,0.01340678953217852,0.007747899148467861,0.009753397495436637,0.02112455362977401,0.004733185590459756,0.008399977614048157,0.007896823453308293,0.005366027936125801,0.011518679485657563,0.012861878492040334,0.0026052385555212195,0.007846869386223912,0.00767518107928101,0.012479729223228861,0.007669780477182416,0.00837021669419846,0.015793324788033216,0.0056297063971670605,0.005323520998434579,0.012297455025097324,0.004309883630997423,0.014693055522850112,0.010649911858553518,0.02500982799290695,0.026497676504682346,0.007090106167616199,0.009070250093847428,0.010460656510071541,0.009399113033734653,0.027547217364991237,0.013601850448617168,0.010644017442747292,0.00341418268104751,0.0039416910845551075,0.005328715956567546,0.0033638144858494125,0.01002955261892796,0.013022222709148748,0.011322257464797173,0.0006736288399406165,0.007168686972192104,0.018215510580216473,0.005272305553300425,0.014324668872076719,0.015274480529474471,0.00390999210913724,0.004760650722389717,0.007129531680942595,0.00810685728084872,0.022660500112797743,0.011902219990133191,0.0033165030482111622,0.004190200134966078,0.009065776366863856,0.006073663086825292,0.008593731421858963,0.01825969279998301,0.02384293606794656,0.012896128521361577,0.017324060318906827,0.009788471547766001,0.01299182247140918,0.011314961185905721,0.0038359765366083338,0.003103299715121596,0.014367301752891712,0.009542698835748093,0.0042332652910476555,0.02049237740018839,0.008466252083526919,0.007975960739063264,0.011348170608612772,0.007753978907071646
7,0.013903854414162562,0.014341509852409198,0.01094500793555022,0.0029190888886870257,0.016620864116195636,0.0009129366935471375,0.004513972647133047,0.0,0.019181573856599105,0.0034132088146994637,0.00927394717550973,0.010096472440157156,0.009677256828682184,0.01552789805901234,0.02210952529550595,0.019294781212533453,0.006648781252088952,0.007858356846953348,0.007342968736984434,0.029036819632114744,0.011618850134954738,0.0036146526380953755,0.0064380986968118345,0.016057158260765442,0.01752996066634971,0.009430081352311569,0.00802975406335388,0.014951963018051765,0.009222859923087896,0.011679898890419678,0.02290326750002414,0.009121418092004032,0.010083674614771313,0.006546392547255408,0.007198447298329406,0.01332337827491094,0.014774510494046662,0.004813483583690647,0.009629923473650328,0.008125233833990213,0.014419303279152758,0.008106030115575725,0.010650408672950524,0.014244612983781883,0.00689640109990838,0.008649210270386816,0.0140074281020355,0.0027577693716730896,0.016529072959976736,0.011189733347402179,0.026609840213278786,0.02815999997147912,0.006570118367411195,0.0107018321986446,0.012695333014558574,0.005286684886302597,0.02927190947719578,0.015188133645685706,0.012511505808048416,0.007872026680177929,0.007513697563883038,0.007946177838239775,0.005696208976084184,0.00612984503802777,0.014883026318929904,0.011811752089258583,0.005129846549187718,0.009003831954463845,0.019916673300080553,0.007691197904773161,0.01632392512782795,0.0171011369275198,0.004983297188133024,0.0033905357867876555,0.0033542899477830863,0.01028769619121069,0.021185595776780884,0.010281203501538516,0.002783774227123557,0.007015840619353863,0.010066279255136088,0.004155224270044285,0.007269042499434616,0.01994011088591102,0.025523179572990752,0.014658224625376864,0.01924712107922532,0.00874456103998751,0.0149193790152735,0.01294005098580676,0.007170626621043813,0.002243885617385308,0.016084984105807443,0.011331964989049188,0.0020574519778817223,0.022272075026516756,0.010486843210962804,0.006347221041239114,0.012814842114855507,0.008553361302146996
8,0.005417426041827313,0.005272455614530445,0.008661478943467794,0.01820942066449122,0.0075997536741606395,0.019958422311057145,0.017203812374559438,0.019181573856599105,0.0,0.01998525579814732,0.010275031855381606,0.010502453791162797,0.01774299639057178,0.012513373737334434,0.007277885428264051,0.007279630416410108,0.024768628383773295,0.02679722047988677,0.016486323941266,0.012067407230743394,0.0077037543278959475,0.016334898159946935,0.013160788951725231,0.0035907734230274644,0.0023229735203681417,0.024447980390328108,0.012807331621597638,0.007956023345976932,0.024215996608942848,0.007663670692550858,0.005751543692785998,0.016926443470697057,0.00959153947544791,0.02451733349882402,0.01208222799192801,0.007154975655131953,0.0045689119822416345,0.01700470838971498,0.02460020653984522,0.011416248601477497,0.004858287934639244,0.02381695886803185,0.009045577119070782,0.03258159086594323,0.012574626042892985,0.01297007710179002,0.006047713385104862,0.018345382753974522,0.0033077847785186842,0.008392155786261466,0.00909362819319685,0.010107272765104027,0.023469773604242673,0.025564885092487416,0.007123249646298765,0.014419198626424594,0.010886818080619708,0.00594263384150025,0.0069158719977437015,0.01878373850948924,0.015573302782817922,0.01207689227065237,0.013935005119310504,0.020297885910690754,0.004589524140242436,0.011331447937181377,0.01752764029145685,0.010299371790154555,0.0033415504563666884,0.012677481129769925,0.004434557919906837,0.0035202068043612422,0.016142845268994708,0.02145938909609028,0.018087662350413123,0.009270753494478153,0.039071948542446666,0.028947937280778473,0.01855069974528952,0.013511677778121222,0.009520696765399767,0.023117008115908718,0.02475571944458845,0.006087559695951833,0.00972876215814807,0.005900481206783837,0.0024167035352520793,0.010941681151267965,0.004494212297954542,0.006873126484395981,0.014837958796499523,0.019492526223173583,0.004770104047326575,0.008245755766696582,0.01723515301099812,0.0064715552687036665,0.008827554110400683,0.025081987723342657,0.008530464828467874,0.01084668560054445
9,0.014697418914707229,0.015035034274491075,0.011580972821790443,0.005576315185418473,0.017507499097500812,0.003566370413743698,0.0031663962210698705,0.0034132088146994637,0.01998525579814732,0.0,0.010130621034650318,0.01042188275232566,0.007375063037427599,0.016384261837327635,0.022990223749361962,0.020177007359999475,0.006065548058415325,0.006947672222267704,0.0052894224815102,0.0298891234205476,0.012393531980847113,0.006089204109780549,0.007358667178414333,0.016897851054751504,0.018235062267193014,0.006372747125664435,0.0082022576190097,0.01581240564187519,0.006196889232552333,0.012475278869756091,0.023776163062020707,0.007200043565697231,0.010960100782528008,0.006144251730259199,0.008034765000548153,0.014162433261763975,0.015589801223346302,0.004174639592465397,0.006447854560840027,0.009007383833757925,0.015238463791885856,0.005970140441255233,0.011310598226422944,0.01339716368926569,0.007748381215073614,0.008433617020405043,0.014887298820239798,0.004051734298894403,0.01737264500251516,0.012059740417410302,0.027462955559373628,0.029018214797766662,0.00536082075452662,0.007602145745876327,0.013333529508164334,0.008579597378346028,0.030112254682542777,0.01607348788783818,0.013340862671042583,0.005665078213624676,0.007009277416233899,0.008296995922456748,0.006218066641643198,0.009350808554139759,0.015711801657770405,0.012683090705162228,0.003315553099628926,0.009847362547358622,0.020783771570711367,0.008109106058560786,0.017099573159572508,0.017957905928519622,0.004915650419634975,0.004043205646202334,0.006519185490070305,0.010956343060920576,0.02039397087533349,0.009403816192346055,0.003063968465893933,0.0072650227279150185,0.010909566126086399,0.0032517792866467166,0.007006530701001198,0.02081128166166191,0.026379997928021,0.015529546968837016,0.02006228234625785,0.009607489523374426,0.015718193109985446,0.01380832527403205,0.006937842974320763,0.0028124267359407374,0.016953482907293017,0.012189369968681474,0.0032809166579360455,0.023127052947788242,0.011252087364128638,0.005518224605515292,0.013642599948710246,0.009400085391971996
10,0.004924042069486121,0.006076597011526612,0.004144489637705583,0.009066289948527343,0.0074909885623172,0.010005033919436532,0.007568693727343214,0.00927394717550973,0.010275031855381606,0.010130621034650318,0.0,0.00499177164380163,0.009098509614309374,0.009943497856453954,0.012967705753176099,0.010148381661247785,0.015497598028999665,0.017035160089900876,0.007114344595731937,0.019949829158545564,0.003305556209996852,0.007452226705370349,0.003013250561958043,0.006862593736794411,0.008791970573144093,0.015322597028957533,0.004328735316711562,0.005967269013128886,0.015110054853581844,0.002909529988443404,0.013759962712456946,0.008249096795681799,0.000896180917369526,0.015267846474410394,0.0023047803396706776,0.005738326423255442,0.005747887412723841,0.007885912677707482,0.015313117166696383,0.0031778060069635487,0.005475568867150686,0.014868749840775863,0.0029586876171614623,0.023286544508051267,0.0024202698635700263,0.005838621705651338,0.004790911624587617,0.009135201254793892,0.007388680563068115,0.006420188862748068,0.017538423072855434,0.01905300271951537,0.0143736488508724,0.01647203507950735,0.004331738662112581,0.004950829106243045,0.020114436520088364,0.0061239425687102155,0.003416510930299041,0.009833042802609703,0.007437053402767173,0.004821808062260902,0.004448954007894771,0.010539422999488547,0.005767924633351569,0.006883764426411247,0.007988616012930855,0.001840890983234026,0.010704023776696239,0.004929926546966742,0.007374170439829165,0.007952679669105029,0.007318278830262046,0.012007142711096605,0.008435205483730786,0.0035241891693267103,0.03008290785818801,0.01940196955069396,0.009174358213678749,0.004850223006115503,0.0046520199604622855,0.013328409528679955,0.015769593498076464,0.010760682704789599,0.016390254254734806,0.00545671379137852,0.010170711893708995,0.0053087430451427,0.005863878542290018,0.004469398646676686,0.0064946146205287205,0.009970095463992744,0.006869353532227995,0.0033953387001761965,0.007276854628806607,0.013090511199196285,0.0020754809118957132,0.01546116104053592,0.0044786739266931405,0.003424956347665676
11,0.005429406011822579,0.005273202073303124,0.002144789683784178,0.008153914943082369,0.009814224918893704,0.010760943931362899,0.007359325587470806,0.010096472440157156,0.010502453791162797,0.01042188275232566,0.00499177164380163,0.0,0.007286062344297312,0.014447871546280265,0.01435088210663745,0.011648887203234768,0.014399046152063779,0.01686394283018198,0.006210432719318656,0.021209911449909406,0.0036620281634468822,0.006566338372734703,0.007243680384734075,0.008026421327630498,0.00852290375014925,0.014021185523183006,0.002403848649611454,0.008204162473880462,0.013785075038069392,0.0036173911096858357,0.014699814711849878,0.006464191846381891,0.005398513589348629,0.014133614666403976,0.0049955709123467315,0.009369517980533912,0.006360045482668367,0.006695757984867943,0.014205176404417147,0.00762498375628281,0.006909542928235747,0.013377713869407334,0.004277586287983935,0.022255298310665254,0.006340453815607666,0.0025100158267471603,0.0064446565771164085,0.0081565857458916,0.008299226156168514,0.00975838721084624,0.019110041564537092,0.02037796466150913,0.013042864374271972,0.01514551260514685,0.00493967645806969,0.009837608590919079,0.02124898964499527,0.008170722577979203,0.005753261222264131,0.008330085728120658,0.005216268189290954,0.002239647280700256,0.004466187018168519,0.011786219093327036,0.006714426683809107,0.011545052535339821,0.007479148584907155,0.005580902918374114,0.01212302875309873,0.0035709181932177627,0.007823874778622958,0.008899856092593124,0.005781589395461532,0.01130183685822865,0.009155523829551255,0.005346293869912877,0.028751292212386315,0.018710785627548264,0.008446991304099002,0.0032069597390646733,0.008451379649503874,0.013363386269072595,0.014323351156395846,0.012145072585105516,0.017669488763080183,0.00755116470210136,0.01068356008056159,0.009328919868752466,0.00652564834679116,0.006614619425716568,0.004385798533901043,0.009461305037775234,0.008358006033438904,0.0071766166944724295,0.008467925959555967,0.014076678563689549,0.004737340335888563,0.014988098587346899,0.006895912652936853,0.007359154857319901
12,0.01264760302856506,0.012530449703276821,0.009217708169520415,0.009648750209076124,0.016138154486835123,0.009941461078588038,0.005212431614658642,0.009677256828682184,0.01774299639057178,0.007375063037427599,0.009098509614309374,0.007286062344297312,0.0,0.018992241486472484,0.021470028260803353,0.01873146456735749,0.007491471444912266,0.011559254479029188,0.0023775296702631373,0.028314425229752915,0.010555202247295193,0.01019612854341907,0.01092608446167466,0.015134157200035647,0.015748603851361308,0.006802153063702866,0.005458194567707147,0.014770651724875215,0.006559448671966749,0.010619642330536371,0.021899111997850614,0.000984167822297325,0.009679882624314297,0.007469562162342711,0.008837913824517069,0.014253644109767259,0.01357460972051426,0.00571975643195025,0.007094791838048969,0.012066075373468427,0.013109078627986034,0.006142754998094849,0.00924269129639631,0.015097169592518136,0.010164976421374735,0.004833712349283032,0.013400276477729452,0.007923004819646905,0.015492601022259526,0.014664884971992614,0.02615389582269867,0.027486572187203205,0.005883531410404128,0.00791088769182338,0.010723151570816743,0.013952142324857548,0.028391078130971446,0.014904707709161209,0.011477542589175606,0.001879088836118139,0.00549294857592668,0.0060295843074759485,0.0065342913846801465,0.014557241147276807,0.01385591008995283,0.015950131843663562,0.00460100632510209,0.010129623065045452,0.0192246597569828,0.008520964339395394,0.014821502037228412,0.01609859307377965,0.007049529762507251,0.00819690468939659,0.011600279435745434,0.010301305805526049,0.021555773926050233,0.012083417445592668,0.007284072753737228,0.006360061248752498,0.013235045739483494,0.00931195430463376,0.00710062136205956,0.019269082902835535,0.024797175299234978,0.01384386650643379,0.017914381582531922,0.014037669662286593,0.013723539701567566,0.012704993731755678,0.005754377221584497,0.007494439946366446,0.01540549057391905,0.011963554998885708,0.009243843220494777,0.02127441878908901,0.009594361125457552,0.009478606733703472,0.01293234340493082,0.011997833572445646
13,0.009494150918713062,0.013019191133346264,0.013467613486699575,0.015597024681068605,0.004958006509057257,0.016303538208597434,0.014406336503672701,0.01552789805901234,0.012513373737334434,0.016384261837327635,0.009943497856453954,0.014447871546280265,0.018992241486472484,0.0,0.00796789179569751,0.005869570058033583,0.0219748723102426,0.023258508964728322,0.01699533795603234,0.014110966438132939,0.012462980554981873,0.013890230474581575,0.009246812626309704,0.011457336643454552,0.012005276221821525,0.021826923650360913,0.013816076000541236,0.006414393613213388,0.02162086089132762,0.011222111517451647,0.010268425056889319,0.01813188127369547,0.009362757131021216,0.021779505025402348,0.010206396319580662,0.005677631442232246,0.009659128774865045,0.01444010164397112,0.02177782700195684,0.00785442589278769,0.008503954560013707,0.0213989456915524,0.010509216497758399,0.029596681203651914,0.008951382657527523,0.015636112727274633,0.00936952962722335,0.015682352384690554,0.009813465394383047,0.006128891761701808,0.011360480714476887,0.01325635705332611,0.0209005892493728,0.02296214505811047,0.010434565257621814,0.010463667807615592,0.014876413740649963,0.00954558545954054,0.008830942175254085,0.01717793252502821,0.014215202101372258,0.01472951817602751,0.012518441950895232,0.017080534646248376,0.01057057101771638,0.0037789808363980085,0.01494027834839012,0.008961102553928532,0.009215917833184957,0.01101179893626688,0.008778308755832546,0.009103512559454612,0.013805393837883824,0.018515832288903345,0.014976400052751785,0.009424699909177976,0.03643742922220951,0.02570347426433421,0.015705702436300716,0.012824489508331852,0.006474935232254304,0.019580351380551843,0.022300957957656325,0.00712849256515739,0.010852026156419173,0.007217592102957651,0.010672650656205948,0.007556569512517952,0.010314329016604062,0.013862292721825395,0.013667495419831267,0.01648449428151231,0.008748990655858446,0.007335086865428811,0.013576913446646296,0.009517572803134776,0.009773557792740643,0.021805124849530556,0.010448055518769915,0.0077346253860204875
14,0.008988406992640892,0.00920504667332677,0.01233187311423509,0.021747967989191545,0.005602814219549077,0.022889715156000617,0.020448317883536897,0.02210952529550595,0.007277885428264051,0.022990223749361962,0.012967705753176099,0.01435088210663745,0.021470028260803353,0.00796789179569751,0.0,0.0029102365308108203,0.02827650979387759,0.02985827325022199,0.019945510617802555,0.007081001308422966,0.011006339580492191,0.019937120793403963,0.015737706384849545,0.007360615701416337,0.006739205018676341,0.02806103032372986,0.016593050280963324,0.007502949388365533,0.02784073861819606,0.010936964749364786,0.002608946327299836,0.02068605354145078,0.012121055731977626,0.028057067764582073,0.015158168207383202,0.009213778063811788,0.008049739505924454,0.020604897948523843,0.028101610874403077,0.014109134415383496,0.008657223565053853,0.027529625229114296,0.012944252406013296,0.036001739162061334,0.01534422605995086,0.016737292455449748,0.008234318634844653,0.021877847793666787,0.006101046408698531,0.011488114612609958,0.004874009247919717,0.00615763807459278,0.027103729281658544,0.029189938862785043,0.011202412264664221,0.01689381243410258,0.007355603657490945,0.007032735814935187,0.01007417429073505,0.022490938489994127,0.019516524218220112,0.015564108189407337,0.017281667454372658,0.02343331099248434,0.007693552682302689,0.010691390274857377,0.020865111675965747,0.013408373053116766,0.004633096778559196,0.016554716197039614,0.007386137184859339,0.005516871949985173,0.019834750116142455,0.02485649503041977,0.0213111614738318,0.013123527531778222,0.04266520534434534,0.03221488509862171,0.02198458040377289,0.017225191429597678,0.012344210070647302,0.02616791375213454,0.02844663399578091,0.002265186062597593,0.0035057851480831464,0.007702213736205179,0.004992790617190631,0.013579166433513552,0.007879745825492463,0.010499180650739511,0.018693771345126772,0.022838083187552306,0.006176397439567265,0.011078985133417934,0.020131838753415753,0.001844568608803018,0.012351877440309762,0.028312887369724222,0.009693394770664335,0.013818517792649376
15,0.006326532670557659,0.008372228110390954,0.009593938616320477,0.01898376060274671,0.0027527361948261387,0.020069101044431603,0.01764967454718263,0.019294781212533453,0.007279630416410108,0.020177007359999475,0.010148381661247785,0.011648887203234768,0.01873146456735749,0.005869570058033583,0.0029102365308108203,0.0,0.025515587835180997,0.027063518019095165,0.01716689212007272,0.009904778069703836,0.008281939714240271,0.017185190303402487,0.012924014872419298,0.007021666286269348,0.006785325202568773,0.025308152362205044,0.01386673450777279,0.004700409920573375,0.02509218786989388,0.00817821577478009,0.004605797834174376,0.017954208743909787,0.009308705464805694,0.025289965132863624,0.012356464642276544,0.006550223509186569,0.005402027062084258,0.017829849031339357,0.02533860722519777,0.011295501398220706,0.006112196291221906,0.024792436382188584,0.010285006338298442,0.033247365963659604,0.012534565126365572,0.014007670677565079,0.005421466390948254,0.01910787141388145,0.004982718459770826,0.008833888168735213,0.00752221572856616,0.008973430806206623,0.0243506054675893,0.0264438255758541,0.008626838932176082,0.014074964400712113,0.01016714481849519,0.005775324696533815,0.007333606357773446,0.01974731844271552,0.016828523227686593,0.012790730077291318,0.014496984309497678,0.02063361141913307,0.006057548536563397,0.007922617379662598,0.018069401327833478,0.010628120213069124,0.004289324408680412,0.013857478987952154,0.0051474701401739474,0.004080006617865086,0.017088860097696654,0.022070546032248856,0.01851126574076957,0.010456968645046054,0.03995055187110986,0.029428178578301673,0.019208427008056674,0.014491511357577981,0.00958018897911129,0.023368108226087855,0.025703312291703424,0.001342725859562999,0.006332276002786772,0.004976119430145634,0.005179684827571649,0.010796683221928978,0.005645954422320188,0.010088832874986294,0.015991744054079233,0.020050845635250336,0.004356898125940341,0.008314181029447242,0.017323272008194356,0.0038595319897336607,0.009633045053899237,0.025518101577052237,0.0070528107945365725,0.011031259505112419
16,0.01962480562929647,0.01957756745564413,0.016190678280312624,0.006652173341084422,0.02288744264561564,0.005926403592322784,0.008040720978544436,0.006648781252088952,0.024768628383773295,0.006065548058415325,0.015497598028999665,0.014399046152063779,0.007491471444912266,0.0219748723102426,0.02827650979387759,0.025515587835180997,0.0,0.005128755503093404,0.00842943247620527,0.03513779199419988,0.017403660252862756,0.0085274543095966,0.012797359575219392,0.02201464798318761,0.022857052402822754,0.0039030304369600346,0.012055255344898552,0.021371865547840443,0.003704400879439166,0.017490820643204164,0.028822002485647123,0.00824000980728996,0.016332440828076212,0.0021379229400721803,0.013251593881858805,0.019278238364235905,0.020532336720210327,0.007873209491437902,0.004224310277790895,0.014301093494255849,0.020091841591891896,0.0030242723305480487,0.01579464622767657,0.008760775871811198,0.013126672621739856,0.011938470269189571,0.020168231320638795,0.0065252620860704715,0.022417135968957037,0.017034184306938073,0.03288722493733117,0.0343015033208161,0.001878147464703897,0.00515652022741764,0.017844554067030817,0.011611645874326896,0.035287251891356536,0.021548405140838715,0.018385764371751212,0.006282981531883813,0.009690254608524823,0.012871977127298376,0.011115484964430015,0.011080561529530146,0.02076974077255684,0.01826707122784014,0.007586189242883137,0.014977686806316889,0.026052253194020453,0.012232288385689022,0.021866988939456218,0.023015712455708652,0.008711308148034834,0.0043577781363282235,0.008133590391217856,0.015597384407594643,0.01470055239199023,0.004706288060256995,0.00638226600841557,0.011331248302577387,0.016067069137533654,0.004018052048192998,0.0018668382045462174,0.026089721538713254,0.031637188940728,0.020690096223902492,0.02493010748418683,0.01481405819450873,0.020680810122848527,0.01927221369473843,0.010189766156123502,0.005562624106214186,0.02221926343820778,0.017328229898581685,0.008517323482848619,0.02820583105349363,0.016123290668565823,0.003328584878568435,0.019352476918756235,0.014582795162274327
17,0.021540267421087392,0.02173514564316064,0.018273045452910926,0.008833731231841458,0.0244024340508101,0.007089973675212796,0.009678191793799298,0.007858356846953348,0.02679722047988677,0.006947672222267704,0.017035160089900876,0.01686394283018198,0.011559254479029188,0.023258508964728322,0.02985827325022199,0.027063518019095165,0.005128755503093404,0.0,0.010821409151998205,0.03672790863729292,0.019219728905363886,0.010658683107206773,0.014249652073861474,0.023773801119112883,0.024993132455913277,0.008596595450132265,0.014570981567577319,0.02270356739908869,0.008506821562155719,0.019321297260288386,0.03062360605122726,0.011958463162251512,0.017861082556594337,0.004228770534505256,0.014901036790561368,0.02102667627051024,0.022441463808153796,0.01032162818140996,0.008388373411098623,0.015899360264988623,0.022051715390109222,0.008100369748719858,0.01797512958770797,0.012289608497904328,0.01464982063355483,0.01461155583363959,0.02178281760815658,0.008780549944894118,0.024228992835311592,0.018893293556647105,0.03432520745978918,0.035870655112398675,0.0067644615705274086,0.00963822425125727,0.020029200934024795,0.013093188611447096,0.03696424942949547,0.02297704996329603,0.020199215201027146,0.010099359749086862,0.01287597367937029,0.01491894061559403,0.01294246473210105,0.007775738346860928,0.022574357298760082,0.019565402352435573,0.009449183503463379,0.016718414200012712,0.02767475393248011,0.014620399881966643,0.023907081837196753,0.0248184085649717,0.011201900503959434,0.005630350962141555,0.008801118028929768,0.01769743533318017,0.01689520193146029,0.0039566379863589934,0.008492923982394422,0.013702073474374106,0.017787826145151803,0.0037531085276607543,0.0057164919056547385,0.02768631169955165,0.03324315322679979,0.02239861198956352,0.026894236979892818,0.016481359418090695,0.022563054923574986,0.020716569711163587,0.013038883579347,0.007449145523871167,0.023842969004383176,0.019059949374695413,0.009829686246291157,0.029983521060607515,0.018046859676080006,0.0021329323158606477,0.02053416006801727,0.016281783784068055
18,0.01128869715979166,0.01130906316618062,0.007864018453595755,0.007911883468893094,0.014534730879625228,0.00759149231583736,0.00287810761690397,0.007342968736984434,0.016486323941266,0.0052894224815102,0.007114344595731937,0.006210432719318656,0.0023775296702631373,0.01699533795603234,0.019945510617802555,0.01716689212007272,0.00842943247620527,0.010821409151998205,0.0,0.026847196368990044,0.009031987788433556,0.00853946205063462,0.008867699074017263,0.01363957831130956,0.014592131604102674,0.0082424309242857,0.0041164248597697455,0.01301988719277704,0.008029502470910999,0.009110277373472283,0.020526978218934597,0.0019776327695614523,0.007961388669501539,0.008185154590734756,0.006876927029529365,0.012539603029127896,0.012197804776453196,0.004089505032424104,0.00825009123110196,0.01015446764286073,0.011786583168825658,0.00787051843365917,0.0077524176208395345,0.01630725810307802,0.008150268426556351,0.0038742594984830397,0.01179485007070754,0.006124484452945566,0.014069998839048437,0.012985801306688922,0.02455816167335907,0.02599241582794983,0.007334390180738648,0.009394350682169166,0.009570851357063656,0.011956197241713325,0.026975356184552192,0.01319443745583709,0.010017041435827462,0.003140921780168364,0.004984224737619727,0.0044901143478996985,0.004581653928707749,0.012526266923133139,0.01240718975396216,0.01392389845407237,0.0022734799220958486,0.008291363544254755,0.017687954529023345,0.00715111309029347,0.013585020462810859,0.014686226073446891,0.005628905501768552,0.005881776932822703,0.009579224531313026,0.008776163701665214,0.02305840939429109,0.012587330839953706,0.005245601656801151,0.004889080685161203,0.01145777101715098,0.007659134423108175,0.008799967595517115,0.01774010129034432,0.02332103859757987,0.01233523039737789,0.01662482488673753,0.0122009501072529,0.012331295507227386,0.010904654153885017,0.004789175598311593,0.0052222347068964,0.013848229698591813,0.010176190268017223,0.006955859639798531,0.019891958037580922,0.00791525712293937,0.008864498645361952,0.01104724059702626,0.010164710096359927
